1.0 0.182930559804 0.119047619048 0.5056736287640.192592592593 1.0
0.787763836772 0.148516365861 0.047619047619 0.6874393983070.0888888888889 1.0
0.75285184801 0.0 0.333333333333 0.5955868864490.17037037037 2.0
0.732769392104 0.322422759254 0.0 0.7591393904450.00740740740741 2.0
0.690788090922 1.0 0.047619047619 0.6119395162350.266666666667 1.0
0.639921003451 1.0 0.0 1.00.303703703704 2.0
0.637217290847 0.148516365861 0.0 0.6075368851380.0 2.0
0.548161313913 0.167941266442 0.0238095238095 0.8987394847870.162962962963 1.0
0.533197543119 1.0 1.0 0.906915799680.503703703704 2.0
0.503116132494 0.299021107372 0.142857142857 0.5063025760630.266666666667 1.0
0.465550385102 1.0 0.0238095238095 0.7270630781730.807407407407 2.0
0.418073220566 0.148516365861 0.047619047619 0.6830367672110.148148148148 1.0
0.407934467878 0.322422759254 0.047619047619 0.7817552870880.17037037037 2.0
0.332284497356 0.322422759254 0.0 0.4157079588040.0666666666667 2.0
0.308446971887 1.0 0.0238095238095 0.4138211169060.607407407407 1.0
0.30305245906 0.322422759254 0.0 0.7559946539480.0888888888889 1.0
0.265412074506 1.0 0.0238095238095 0.6824078199110.948148148148 3.0
0.262075617983 0.205720403793 0.0 0.00.748148148148 2.0
0.24974320833 1.0 0.0238095238095 0.5377237348990.474074074074 3.0
0.246730650187 0.322422759254 0.0 0.5565921538820.177777777778 2.0
0.246118221963 0.322422759254 0.0238095238095 0.5622526795780.140740740741 4.0
0.229710703233 1.0 0.047619047619 0.8295552818470.6 2.0
0.205690235047 1.0 0.0238095238095 0.7974789695750.992592592593 4.0
0.160026748766 1.0 0.047619047619 0.5767184674650.711111111111 3.0
0.148539864703 0.148516365861 0.0 0.6138263581330.318518518519 2.0
0.14095269528 1.0 0.0 0.5302025734430.925925925926 5.0
0.131396276707 0.322422759254 0.047619047619 0.7760947613930.155555555556 1.0
0.0579825553918 1.0 0.0238095238095 0.6207447784271.0 5.0
0.0281464380719 0.148516365861 0.0 0.6647710893890.17037037037 2.0
0.0199336182225 0.148516365861 0.0238095238095 0.6553368798970.348148148148 4.0
0.0127393794812 0.322422759254 0.0 0.5949579391490.207407407407 3.0
0.0 0.299021107372 0.0952380952381 0.5565921538820.911111111111 2.0
1.0 0.185037872237 0.0852459016393 0.4366131975270.293375394322 1.0
0.697153166098 0.000484211254453 0.0983606557377 0.8718919360550.15141955836 1.0
0.595410690674 0.00888873517103 0.0 0.4385740352410.17665615142 2.0
0.528340381272 0.757479334555 0.170491803279 0.5235164356330.116719242902 2.0
0.391881889286 0.00888873517103 0.016393442623 0.6104469075960.580441640379 1.0
0.38077838107 0.757479334555 0.0459016393443 0.6195974835920.719242902208 2.0
0.361083724642 0.757479334555 0.0 0.443802935810.0 2.0
0.332693750695 0.185037872237 0.0950819672131 0.7078624145540.747634069401 1.0
0.304293748266 0.757479334555 0.0 0.443802935810.0 2.0
0.303859425452 0.185037872237 0.0131147540984 0.3653421934150.324921135647 1.0
0.290922501206 1.0 0.2 0.4444565483810.89905362776 2.0
0.276867301174 0.0218586794867 0.0 0.1699120346410.0757097791798 1.0
0.269747279456 0.698786013212 1.0 0.6810642991370.0 2.0
0.26935309707 0.757479334555 0.00327868852459 0.4483782238080.01261829653 2.0
0.267831168138 0.00287068100854 0.0229508196721 1.00.0820189274448 1.0
0.267831168138 0.00287068100854 0.0229508196721 1.00.0820189274448 1.0
0.201242711166 0.185037872237 0.144262295082 0.6679920477140.94952681388 3.0
0.157701803037 0.0268045515858 0.0 0.00.0347003154574 2.0
0.132860428951 0.0875730640196 0.160655737705 0.9712682807270.697160883281 3.0
0.130668004075 0.0218586794867 0.0 0.3888722459760.201892744479 2.0
0.113087778442 0.0553730155985 0.0491803278689 0.9189792750350.110410094637 4.0
0.0960083987241 0.757479334555 0.0 0.4483782238080.00315457413249 2.0
0.0954783608625 0.757479334555 0.0590163934426 0.9006508891850.271293375394 4.0
0.0950510731023 0.0553730155985 0.108196721311 0.8150276423650.223974763407 3.0
0.0719376723643 0.0386331408017 0.0131147540984 0.8437865954960.148264984227 2.0
0.0554563765857 0.757479334555 0.0459016393443 0.7588169612460.296529968454 5.0
0.0469869519813 0.0549579773804 0.0196721311475 0.9287834636020.0883280757098 1.0
0.0267563296462 0.0 0.00327868852459 0.8823497371930.264984227129 5.0
0.0221384600559 0.757479334555 0.0229508196721 0.4248209373890.280757097792 2.0
0.0175654644836 0.145263376336 0.00327868852459 0.449685448950.0630914826498 4.0
0.0033460359622 0.185037872237 0.245901639344 0.8111059669381.0 3.0
0.0 0.757479334555 0.0459016393443 0.443802935810.167192429022 2.0
1.0 0.0003003003003 0.049504950495 0.9616678066580.224137931034 1.0
0.841091298161 0.0003003003003 0.049504950495 0.7079058367530.0 1.0
0.686349384605 1.0 0.782178217822 0.5929947560420.172413793103 2.0
0.627760664716 0.181081081081 0.118811881188 0.5020519835840.189655172414 2.0
0.54553943201 0.0666204666205 0.772277227723 1.00.413793103448 1.0
0.527667441209 0.0136752136752 0.019801980198 0.3535966712270.465517241379 2.0
0.527451934385 0.0818895818896 0.346534653465 0.7462380300960.551724137931 2.0
0.505896090041 0.0003003003003 0.0594059405941 0.9616678066580.344827586207 1.0
0.416905570024 0.0666204666205 0.663366336634 0.9616678066580.724137931034 2.0
0.411794821532 0.0031416031416 0.049504950495 0.9616678066580.48275862069 1.0
0.408470333447 0.124555324555 0.217821782178 0.4589318285450.603448275862 2.0
0.351307722514 0.0170247170247 0.0 0.6114626082990.051724137931 1.0
0.351307722514 0.0016863016863 0.0 0.6114626082990.051724137931 2.0
0.351307722514 0.0326403326403 0.0 0.6114626082990.051724137931 2.0
0.303344827287 0.0666204666205 0.0792079207921 0.1046226630190.431034482759 1.0
0.283962953581 0.003465003465 0.148514851485 0.5929947560420.551724137931 1.0
0.281623330105 0.0383922383922 0.415841584158 1.00.48275862069 3.0
0.199332481729 0.0601293601294 0.415841584158 0.8515446876420.637931034483 2.0
0.164142653434 0.0818895818896 0.0990099009901 0.5027359781120.206896551724 3.0
0.1552797409 0.002079002079 0.049504950495 0.8515446876420.431034482759 2.0
0.1552797409 0.0 0.049504950495 0.7079058367530.431034482759 4.0
0.126356961595 0.0511434511435 0.0693069306931 0.1046226630190.258620689655 2.0
0.117540317802 0.0350889350889 0.148514851485 0.7462380300960.413793103448 4.0
0.102124929115 0.192515592516 1.0 0.9616678066580.465517241379 3.0
0.0697096843646 0.0236313236313 0.0 0.00.362068965517 2.0
0.0653074194092 0.0950103950104 0.356435643564 0.7462380300961.0 5.0
0.0534530607549 0.0383922383922 0.148514851485 0.5929947560420.758620689655 1.0
0.0307365654149 0.0165858165858 0.039603960396 0.7462380300960.293103448276 5.0
0.0164784782869 0.0165858165858 0.00990099009901 0.3535966712270.48275862069 2.0
0.00848254042729 0.0336105336105 0.029702970297 0.7079058367530.672413793103 4.0
0.00663987171174 0.181081081081 0.574257425743 0.5929947560420.396551724138 3.0
0.0 0.0668052668053 0.188118811881 0.7462380300960.586206896552 2.0
1.0 0.413256554766 0.846153846154 0.971925133690.0724637681159 1.0
0.910719033042 0.413256554766 0.346153846154 0.7486631016040.00724637681159 1.0
0.772462307137 0.413256554766 0.230769230769 0.6410149286990.159420289855 2.0
0.677759974458 0.413256554766 0.0 0.4966577540110.0289855072464 2.0
0.5704589935 0.413256554766 1.0 0.6737689393940.311594202899 1.0
0.516271874416 0.0 0.0 0.8870042335120.166666666667 2.0
0.51115285591 0.413256554766 0.0384615384615 0.3221646613190.13768115942 2.0
0.499827734517 0.413256554766 0.0 0.2940897950090.231884057971 1.0
0.408784203645 0.413256554766 0.192307692308 0.6497047682710.391304347826 2.0
0.384314764416 0.00159274687577 0.0 1.00.405797101449 1.0
0.36347256262 0.157191864739 0.0384615384615 0.5180481283420.333333333333 2.0
0.32869018349 0.413256554766 0.846153846154 0.9298128342250.369565217391 1.0
0.27227021188 0.413256554766 0.0384615384615 0.4665775401070.115942028986 2.0
0.234071118904 1.0 0.461538461538 0.856255570411.0 2.0
0.212966226975 0.413256554766 0.538461538462 0.959224598930.268115942029 1.0
0.180168941588 0.413256554766 0.0384615384615 0.4130737522280.463768115942 1.0
0.177665419754 0.413256554766 0.0384615384615 0.787405303030.45652173913 3.0
0.148839817522 0.413256554766 0.115384615385 0.00.782608695652 2.0
0.137892489491 0.157191864739 0.0384615384615 0.684491978610.913043478261 3.0
0.130191581554 0.413256554766 0.0 0.9224320409980.253623188406 2.0
0.128959885682 0.332271502083 0.0 0.2433155080210.630434782609 4.0
0.111657998155 0.413256554766 0.115384615385 0.2433155080210.521739130435 2.0
0.111124555498 0.413256554766 0.0 0.3776459447421.0 4.0
0.0815274523475 0.134893408478 0.0384615384615 0.397030971480.804347826087 3.0
0.0690472092268 0.413256554766 0.0769230769231 0.5387422014260.565217391304 2.0
0.0628721517815 0.413256554766 0.653846153846 0.6858288770050.594202898551 5.0
0.0454781837299 0.0155599117863 0.0769230769231 0.7453208556150.717391304348 1.0
0.0394274574309 0.087846116148 0.0 0.6550523618540.666666666667 5.0
0.0237987605966 0.413256554766 0.5 0.7078877005350.471014492754 2.0
0.0201359177207 0.413256554766 0.0769230769231 0.4150790998220.514492753623 4.0
0.0142775797151 0.157191864739 0.0 0.4445187165780.782608695652 3.0
0.0 0.134893408478 0.115384615385 0.4017101158650.0 2.0
1.0 0.0106478808176 0.0278481012658 0.7689381747960.187969924812 1.0
0.507439922108 0.46774454325 0.0303797468354 0.6439418322260.518796992481 1.0
0.505460028916 0.0595680794549 0.0430379746835 0.6109371799750.0977443609023 2.0
0.483317935597 0.46774454325 1.0 0.7710448547270.015037593985 2.0
0.483317935597 0.46774454325 1.0 0.7710448547270.015037593985 1.0
0.483317935597 0.46774454325 1.0 0.7710448547270.015037593985 2.0
0.47889868734 0.0125649613119 0.0 0.7345583287010.781954887218 2.0
0.413967050357 0.0106478808176 0.00506329113924 0.2591216315070.338345864662 1.0
0.377363084578 0.46774454325 0.0455696202532 0.6137460865490.676691729323 2.0
0.369850765889 0.0314585979905 0.00253164556962 0.9733153875410.0751879699248 1.0
0.316621205158 0.46774454325 0.0556962025316 0.865845451620.278195488722 2.0
0.245778325763 0.100334911653 0.00253164556962 0.009831173011090.789473684211 1.0
0.218122148008 0.0602379027601 0.0 0.1524124411150.0 2.0
0.192893808423 0.00688301189514 0.0 0.2457793252770.473684210526 2.0
0.191545612429 0.46774454325 0.053164556962 0.6242794862040.804511278195 1.0
0.187651207934 0.0125649613119 0.0177215189873 1.00.390977443609 1.0
0.172785556078 0.00180159371752 0.00759493670886 0.5056031834270.0751879699248 3.0
0.167834835296 0.0285252338607 0.0 0.230359598560.157894736842 2.0
0.146941333685 0.100334911653 0.0 0.00.842105263158 3.0
0.146301549684 0.016560803788 0.0101265822785 0.2170172923310.0451127819549 2.0
0.0981618504043 0.016560803788 0.0151898734177 0.9936799602070.0827067669173 4.0
0.0980543212759 0.00711398544867 0.00253164556962 0.1369341955120.135338345865 2.0
0.0976563651348 0.0125649613119 0.0303797468354 0.992275506921.0 4.0
0.0716419143929 1.0 0.478481012658 0.8173918132080.0375939849624 3.0
0.0604804472081 0.0162605381684 0.0 0.2036749861020.0300751879699 2.0
0.0546355470178 0.0295184201409 0.0303797468354 0.7886005208180.127819548872 5.0
0.0522938752964 0.0106478808176 0.0 0.577230301080.0526315789474 1.0
0.0478822246486 0.0129345189976 0.0582278481013 0.5989993270330.225563909774 5.0
0.0226039929053 0.0125649613119 0.0354430379747 0.674869063990.127819548872 2.0
0.020655392086 0.0 0.0 0.9929777335640.0526315789474 4.0
0.0196639474973 0.0125649613119 0.0177215189873 0.9676975743920.428571428571 3.0
0.0 0.493752165377 0.0329113924051 0.8496942388160.112781954887 2.0
1.0 0.0693945920077 1.0 0.7791023842920.0 1.0
0.852270314749 1.0 0.207547169811 0.4908835904630.00645161290323 1.0
0.725059172744 0.0693945920077 0.603773584906 0.902524544180.0451612903226 2.0
0.659088920676 0.605407992343 0.0 0.3779803646560.0129032258065 2.0
0.635523178481 0.173486480019 0.0566037735849 0.6564107059370.116129032258 1.0
0.612598092329 0.173486480019 0.169811320755 0.6564107059370.116129032258 2.0
0.491916383945 0.276860492941 0.0377358490566 0.8976157082750.251612903226 2.0
0.480618640002 0.320650873415 0.0 0.5147265077140.0258064516129 1.0
0.480618640002 0.0 0.0 0.5147265077140.0258064516129 2.0
0.480618640002 0.158889686528 0.0 0.5147265077140.0258064516129 1.0
0.435774118213 0.0693945920077 0.0377358490566 0.05189340813461.0 2.0
0.406369037269 0.0471404642259 0.0566037735849 0.003506311360450.0451612903226 1.0
0.338955924451 0.243120363723 0.0 0.00.167741935484 2.0
0.33694560636 0.276860492941 0.0377358490566 0.2868162692850.303225806452 2.0
0.329676579817 0.276860492941 0.11320754717 0.4887798036470.167741935484 1.0
0.31854504966 0.307250538406 0.0188679245283 0.9109689107060.103225806452 1.0
0.315126446442 0.276860492941 0.0943396226415 0.8976157082750.251612903226 3.0
0.314808442769 0.0770519262982 0.0377358490566 0.6683321645630.0322580645161 2.0
0.277652451233 0.276860492941 0.0377358490566 0.8765778401120.277419354839 3.0
0.233835872929 0.0693945920077 0.0188679245283 0.3043478260870.703225806452 2.0
0.229711276875 0.375687963628 0.0 0.3281907433380.0258064516129 4.0
0.18744148106 0.276860492941 0.0188679245283 0.8920056100980.148387096774 2.0
0.186756602942 0.0693945920077 0.264150943396 0.2440392706870.309677419355 4.0
0.180860965234 0.276860492941 0.150943396226 0.9747837774660.612903225806 3.0
0.174628051048 0.307250538406 0.0566037735849 1.00.148387096774 2.0
0.168539670013 0.276860492941 0.0188679245283 0.4600572697520.135483870968 5.0
0.127204503185 0.0693945920077 0.433962264151 0.8134642356240.316129032258 1.0
0.125327835879 0.106484804977 0.0943396226415 0.9817964001870.18064516129 5.0
0.0832523390583 0.173486480019 0.132075471698 0.6949801309020.270967741935 2.0
0.05856070007 0.106484804977 0.0 0.925695418420.464516129032 4.0
0.00789600965082 0.173486480019 0.0566037735849 0.6016830294530.0903225806452 3.0
0.0 0.0693945920077 0.509433962264 0.6977851799910.0838709677419 2.0
1.0 0.0176229662195 0.00143575017947 0.7218700254140.109004739336 1.0
0.8410056526 0.0402622778341 0.000717875089734 0.06364677297740.0947867298578 1.0
0.764301773148 0.0124187427197 0.000717875089734 0.1286619934650.0710900473934 2.0
0.759273285108 0.00347574493669 0.0 1.00.236966824645 2.0
0.556253125066 0.0402622778341 0.00574300071788 0.2714273745360.24644549763 1.0
0.515697093573 0.100702664112 0.00430725053841 0.7165079453740.331753554502 2.0
0.515659635507 0.0402622778341 0.00502512562814 0.3873823554050.0 2.0
0.492088504857 0.215026490813 0.0143575017947 0.4832574636240.203791469194 1.0
0.45846580983 0.80795100139 0.32447954056 0.6756220850670.14691943128 2.0
0.41329018029 0.0954796528013 0.00933237616655 0.9055212667910.317535545024 1.0
0.353247470582 0.80795100139 0.0150753768844 0.8833747591250.45971563981 2.0
0.34453844063 0.0402622778341 0.000717875089734 0.00.289099526066 1.0
0.288665795736 0.00961935895991 0.00502512562814 0.6179517971350.417061611374 2.0
0.277210433165 0.0402622778341 0.0 0.2225263216690.289099526066 2.0
0.268707246367 0.0402622778341 0.00646087580761 0.2292289217190.412322274882 1.0
0.249419542319 0.0612294743171 0.0021536252692 0.5958332169690.322274881517 1.0
0.178408632425 0.0402622778341 0.00287150035894 0.4752143435640.706161137441 3.0
0.161511947112 0.80795100139 0.00646087580761 0.6085681570640.630331753555 2.0
0.160664882011 0.0176229662195 0.00287150035894 0.869299299020.123222748815 3.0
0.153025896985 0.0402622778341 0.0172290021536 0.2647247744850.279620853081 2.0
0.152859063385 0.80795100139 0.819813352477 0.9819309073640.175355450237 4.0
0.131824111809 0.122327433961 0.00143575017947 0.4068198955510.374407582938 2.0
0.129191912512 0.80795100139 0.0301507537688 0.2687463345160.24644549763 4.0
0.0988566427782 0.0177356930823 0.000717875089734 0.8398078587990.0995260663507 3.0
0.0699714092958 0.0 0.00143575017947 0.6179517971350.312796208531 2.0
0.054681553277 0.0177356930823 0.0 0.1460887535961.0 5.0
0.0500005788486 1.0 1.0 0.9578015471840.364928909953 1.0
0.0369576681233 1.0 0.580760947595 0.9678554472590.402843601896 5.0
0.0206967535281 1.0 0.474515434314 0.9953081799650.412322274882 2.0
0.00838694928984 1.0 0.0114860014358 0.8458401988440.478672985782 4.0
0.00631516382878 0.0488107315973 0.00287150035894 0.4678414835090.763033175355 3.0
0.0 0.0402622778341 0.0143575017947 0.8150082386130.322274881517 2.0
1.0 1863.0 0.234375 0.6682624113480.0283018867925 1.0
0.951435787466 1863.0 0.0625 0.00.122641509434 1.0
0.746461275178 1863.0 0.15625 0.05106382978720.0 2.0
0.543244428736 1863.0 0.234375 0.6427304964540.490566037736 2.0
0.448243918667 1863.0 0.3125 0.08936170212770.141509433962 1.0
0.434972924708 1863.0 0.03125 0.4342198581560.132075471698 2.0
0.399278603515 1863.0 0.25 0.5874113475180.264150943396 2.0
0.378215614176 1863.0 0.078125 0.5235815602840.179245283019 1.0
0.318772295079 1863.0 0.609375 0.2340425531910.584905660377 2.0
0.275097473569 1863.0 0.046875 0.05106382978720.443396226415 1.0
0.270516231982 1863.0 1.0 0.08936170212770.377358490566 2.0
0.253496303918 1863.0 0.296875 0.617198581560.301886792453 1.0
0.232111560518 1863.0 0.15625 0.02978723404260.311320754717 2.0
0.220139817779 1863.0 0.0 0.6767730496450.5 2.0
0.213995797182 1863.0 0.234375 0.3446808510640.594339622642 1.0
0.182788260876 1863.0 0.046875 0.7065602836880.141509433962 1.0
0.168311845526 1863.0 0.453125 0.5023049645390.0566037735849 3.0
0.166721005519 1863.0 0.015625 0.9829787234040.283018867925 2.0
0.160008527941 1863.0 0.09375 0.01702127659570.433962264151 3.0
0.150390468612 1863.0 0.328125 0.5916666666670.0283018867925 2.0
0.148405603019 1863.0 0.015625 0.05106382978720.283018867925 4.0
0.128118519319 1863.0 0.015625 0.119148936170.452830188679 2.0
0.121567167026 1863.0 0.078125 1.00.471698113208 4.0
0.0940420931668 1863.0 0.296875 0.05106382978720.896226415094 3.0
0.0907700920659 1863.0 0.09375 0.6852836879431.0 2.0
0.0823802064352 1863.0 0.25 0.5661347517730.622641509434 5.0
0.053530707035 1863.0 0.0625 0.02127659574470.150943396226 1.0
0.0422298150071 1863.0 0.0625 0.319148936170.632075471698 5.0
0.0380080016168 1863.0 0.28125 0.6810283687940.264150943396 2.0
0.00952059005943 1863.0 0.015625 0.7023049645390.433962264151 4.0
0.00609722112619 1863.0 0.25 0.5065602836880.518867924528 3.0
0.0 1863.0 0.171875 0.5235815602840.839622641509 2.0
1.0 0.032216685579 0.0697674418605 0.1743119266060.0 1.0
0.66493838565 0.0356208989097 0.0 0.1238850662590.0821917808219 1.0
0.643092650209 0.0356208989097 0.0348837209302 0.1689602446480.109589041096 2.0
0.638971099812 0.0516059006364 0.0697674418605 0.4365443425080.0 2.0
0.55820280437 0.193004094923 0.53488372093 0.616239806320.246575342466 1.0
0.548331043401 0.0356208989097 0.0 0.04281345565750.0684931506849 2.0
0.506409870989 0.0729192362721 0.0116279069767 0.00.13698630137 2.0
0.49676644051 0.0356208989097 0.0116279069767 0.1231205402650.205479452055 1.0
0.479701557248 1.0 1.0 0.1231205402650.301369863014 2.0
0.40292807562 0.101386353545 0.0 0.6154752803260.630136986301 1.0
0.393484138499 0.0831318762642 0.0232558139535 0.818807339450.493150684932 2.0
0.388959034474 0.0356208989097 0.0 0.1154752803260.219178082192 1.0
0.348794712955 0.00177611130297 0.104651162791 0.856269113150.0684931506849 2.0
0.302869596245 0.0236321476146 0.0 0.4128758919470.41095890411 2.0
0.288165684314 0.129557452267 0.046511627907 0.4159339959230.465753424658 1.0
0.282734714042 0.0583156544477 0.0348837209302 0.4541284403670.178082191781 1.0
0.268853894291 0.129557452267 0.046511627907 0.5603975535170.246575342466 3.0
0.248407338322 0.0401598500173 0.0697674418605 0.5978593272170.315068493151 2.0
0.205114136407 0.0356208989097 0.093023255814 0.5007645259940.657534246575 3.0
0.196121400713 0.0141102175736 0.151162790698 0.8975853720690.630136986301 2.0
0.182335564146 0.0639400069071 0.0813953488372 0.4373088685020.315068493151 4.0
0.165535761673 0.0703044057428 0.0116279069767 0.6796954638120.945205479452 2.0
0.152563096454 0.0411465785189 0.0348837209302 0.3272171253820.616438356164 4.0
0.151518356875 0.0383837387143 0.0348837209302 0.7003376656470.397260273973 3.0
0.122090568823 0.129557452267 0.0 0.9778606014270.506849315068 2.0
0.0900919037006 0.0356208989097 0.0 0.1154752803260.72602739726 5.0
0.083107190344 0.0 0.0232558139535 0.958747451580.794520547945 1.0
0.068271234943 1.0 0.476744186047 0.1704892966360.383561643836 5.0
0.0574057576488 0.014899600375 0.0581395348837 1.01.0 2.0
0.0342432338293 0.11036558291 0.0348837209302 0.314984709480.520547945205 4.0
0.0193893449322 0.0516059006364 0.0697674418605 0.9984709480120.657534246575 3.0
0.0 1.0 0.476744186047 0.0007645259938840.27397260274 2.0
1.0 0.0 0.0 0.134120032230.0 1.0
0.646956620357 0.0 0.25 0.6263093598110.00865800865801 1.0
0.493493164539 0.630089820359 0.05 0.163439295090.255411255411 2.0
0.426602761448 1.0 0.65 0.3362617939850.285714285714 2.0
0.37367403482 0.0 0.0 0.4560081095830.229437229437 1.0
0.345203786103 0.0 0.1 0.54087281990.25974025974 2.0
0.341385446113 0.0296407185629 0.1 1.00.359307359307 2.0
0.337450253517 0.0 0.75 0.9594520832790.233766233766 1.0
0.333232945181 0.0 0.1 0.5888805136070.268398268398 2.0
0.279887175224 0.0 0.0 0.4972058326620.246753246753 1.0
0.229103205556 1.0 1.0 0.9388402256130.744588744589 2.0
0.199832745768 1.0 0.0 0.00.281385281385 1.0
0.181210639523 0.0 0.0 0.7030384945291.0 2.0
0.157540884218 0.0 0.1 0.583890000780.393939393939 2.0
0.105768928605 0.0 0.0 0.4828321160290.900432900433 1.0
0.0 0.0 0.4 0.945702180750.805194805195 1.0
1.0 0.0 0.166666666667 0.76630036630.0882352941176 1.0
0.649738984599 0.0 0.125 0.8007326007330.241176470588 1.0
0.604666429937 0.0 0.0416666666667 0.8007326007330.2 2.0
0.604666429937 0.0 0.0416666666667 0.8007326007330.2 2.0
0.592138088891 0.180805267156 0.0416666666667 0.6366605616610.0470588235294 1.0
0.557620351158 0.0 0.0 0.8007326007330.247058823529 2.0
0.548196427068 0.0 0.291666666667 0.8109890109890.288235294118 2.0
0.482086018742 0.0 0.875 0.8630036630040.247058823529 1.0
0.464413302646 0.0 0.0416666666667 0.8007326007330.282352941176 2.0
0.353512031321 0.0 0.0 0.8007326007330.241176470588 1.0
0.349949526494 0.0 0.0 1.00.158823529412 2.0
0.337162093154 0.0 0.125 0.802930402930.252941176471 1.0
0.307650813529 0.0 0.916666666667 0.7897435897440.135294117647 2.0
0.245352160112 0.0 0.0833333333333 0.8652014652010.258823529412 2.0
0.207239765833 0.180805267156 0.0 0.02417582417580.305882352941 1.0
0.201809955392 0.0 0.0833333333333 0.8981990231990.329411764706 1.0
0.161165182597 0.0 0.166666666667 0.9370268620270.258823529412 3.0
0.153493374983 0.0 0.0833333333333 0.8146520146520.329411764706 2.0
0.150018438876 0.0 0.125 0.8556776556780.447058823529 3.0
0.144024713634 0.0 0.333333333333 0.9421550671550.0 2.0
0.127051290891 0.180805267156 0.25 0.5934065934070.217647058824 4.0
0.120041147399 0.0 0.125 0.9443528693530.488235294118 2.0
0.116207871973 0.0 0.166666666667 0.8183150183150.347058823529 4.0
0.114109262218 0.180805267156 0.0416666666667 0.3523809523810.229411764706 3.0
0.108246056134 0.0 0.25 0.8776556776560.317647058824 2.0
0.093664132975 0.364649278298 0.0 0.00.382352941176 5.0
0.0523121474243 0.0 0.0 0.9568070818070.411764705882 1.0
0.047572329213 0.0351987845024 0.125 0.8542124542120.488235294118 5.0
0.0460726545085 0.180805267156 0.0833333333333 0.4234737484740.364705882353 2.0
0.0340295692343 0.0 0.0 0.957539682540.488235294118 4.0
0.0237662664319 0.0 0.0416666666667 0.9428876678881.0 3.0
0.0 1.0 1.0 0.6095238095240.594117647059 2.0
1.0 0.0645882814121 0.00863930885529 0.8819832402230.0243902439024 1.0
0.910751090147 0.0145732930569 0.0453563714903 0.9797777001860.0121951219512 1.0
0.725325311096 0.0 0.0 1.00.359756097561 2.0
0.662130204655 0.0387160744345 0.17494600432 0.7402234636870.298780487805 2.0
0.6308048414 0.0191850946572 0.00431965442765 0.7290793761640.182926829268 1.0
0.572608125682 0.0966172435262 0.0993520518359 0.668325186220.457317073171 2.0
0.540036151021 0.468628219614 0.209503239741 0.7186045158290.103658536585 2.0
0.515335982341 1.0 0.0323974082073 0.9308950186220.335365853659 1.0
0.485152842572 0.0201766320013 0.107991360691 1.00.274390243902 2.0
0.466270585145 0.468628219614 0.120950323974 0.6997497672251.0 1.0
0.449664498731 0.468628219614 0.55939524838 0.8470670391060.225609756098 2.0
0.394733407651 0.468628219614 0.131749460043 0.3715083798880.365853658537 1.0
0.339179950479 0.12610971476 0.0172786177106 0.4148335661080.701219512195 2.0
0.320204062388 0.468628219614 1.0 0.8533519553070.0365853658537 2.0
0.302404481905 0.0528281873314 0.0107991360691 0.6089385474860.396341463415 1.0
0.247342411271 0.0645882814121 0.0907127429806 0.9979050279330.286585365854 1.0
0.224495600704 1.0 0.0 0.00.524390243902 3.0
0.224386356447 0.468628219614 0.172786177106 0.7179061918060.15243902439 2.0
0.196389609333 0.0645882814121 0.060475161987 0.9972067039110.262195121951 3.0
0.19066281656 0.0393847856665 0.0453563714903 0.9350849627560.0792682926829 2.0
0.181016024449 0.0299997694099 0.0172786177106 0.9406715549350.878048780488 4.0
0.166415895462 0.0682777226924 0.00215982721382 0.906453677840.506097560976 2.0
0.16079883399 0.669449120299 0.257019438445 0.8805865921790.658536585366 4.0
0.134284967947 0.0236124241935 0.0 0.2018447392920.664634146341 3.0
0.116845013473 0.669449120299 0.565874730022 0.6704201582870.615853658537 2.0
0.0715212815316 0.0393847856665 0.0518358531317 0.8526536312850.451219512195 5.0
0.06852341867 0.0261719740817 0.0 0.2374301675980.0182926829268 1.0
0.0628169111344 0.468628219614 0.280777537797 0.8722067039110.756097560976 5.0
0.0515088250144 0.468628219614 0.060475161987 0.7200011638730.115853658537 2.0
0.0221106904958 0.0645882814121 0.107991360691 0.9965083798880.865853658537 4.0
0.0 0.00790923974451 0.0 0.6934648510240.0 3.0
1.0 0.181850618459 0.0 0.5605226960110.0857142857143 1.0
0.651825308854 0.0443625118934 0.0253164556962 0.4078690967450.0 1.0
0.575355399579 0.0443625118934 0.0 0.6368638239340.0428571428571 2.0
0.556900922021 0.181850618459 0.0253164556962 0.4601386978450.107142857143 2.0
0.541058070482 0.356208372978 0.227848101266 0.7847317744150.264285714286 1.0
0.492387820829 0.0443625118934 0.0759493670886 0.7640990371390.107142857143 2.0
0.338705943777 0.0692197906755 0.101265822785 0.6059147180190.0 2.0
0.282645019947 0.0941960038059 0.0632911392405 0.7847317744150.157142857143 1.0
0.27363223822 0.0676736441484 0.0253164556962 0.00.4 2.0
0.2685069405 1.0 0.708860759494 0.8521320495190.0928571428571 1.0
0.267367498846 0.155090390105 0.0632911392405 0.6471801925720.257142857143 2.0
0.244558039221 0.0 0.0253164556962 0.9147466758370.178571428571 1.0
0.23342937926 0.170195052331 0.367088607595 0.9340038972950.271428571429 2.0
0.222058861104 0.356208372978 0.164556962025 0.03576341127920.457142857143 2.0
0.163619357709 0.181850618459 0.0 0.7166723979830.3 1.0
0.140991389805 0.356208372978 0.0886075949367 0.982146950940.25 1.0
0.11958665623 0.351807802093 0.0379746835443 1.00.164285714286 3.0
0.0978986899844 0.0249762131304 0.0 0.3500687757911.0 2.0
0.0781393316801 0.351807802093 0.139240506329 0.9615142136630.2 3.0
0.0728086485529 0.941127497621 1.0 0.5969738651990.207142857143 2.0
0.0696312286131 0.356208372978 0.0379746835443 0.9986244841820.128571428571 4.0
0.0614254027817 0.12226450999 0.0886075949367 0.7854195323250.192857142857 2.0
0.0597668465148 0.941127497621 0.177215189873 0.2861072902340.721428571429 4.0
0.0416860250076 0.105256898192 0.0379746835443 0.4044016506190.285714285714 3.0
0.0338699493614 0.170195052331 0.0126582278481 0.8940852819810.142857142857 2.0
0.0330936828929 1.0 0.189873417722 0.2640990371390.45 5.0
0.0300393872013 0.189462416746 0.0 0.7441540577720.157142857143 1.0
0.0203918090707 0.524857278782 0.0126582278481 0.2297397982580.707142857143 5.0
0.017800858481 0.181850618459 0.0126582278481 0.2592847317740.25 2.0
0.0140463843634 0.0252140818268 0.569620253165 0.7847317744150.05 4.0
0.00903909548224 0.524857278782 0.0506329113924 0.3603851444290.935714285714 3.0
0.0 1.0 0.0 0.1437414030260.285714285714 2.0
1.0 0.0040733197556 0.0 0.5655172413790.0708661417323 1.0
0.971343821503 0.0380751838172 0.0 0.3537931034480.149606299213 1.0
0.927572781692 0.000932030791536 0.0 1.00.183727034121 2.0
0.90586998552 0.186613276261 0.0666666666667 0.00.186351706037 2.0
0.879049334867 0.0821913079499 0.0666666666667 0.6317241379310.00787401574803 1.0
0.875942468628 0.0380751838172 0.0666666666667 0.5041379310340.299212598425 2.0
0.736806421535 0.0821913079499 0.0 0.8213793103450.00787401574803 2.0
0.664595757959 0.186613276261 0.533333333333 0.3586206896550.377952755906 1.0
0.501607374643 0.000932030791536 0.0 1.00.364829396325 2.0
0.457650342259 0.0821913079499 0.0666666666667 0.5124137931030.0551181102362 1.0
0.450825508587 0.0473264524147 0.2 0.8896551724140.00787401574803 2.0
0.444828785139 0.0175705064034 0.2 0.8744827586210.307086614173 1.0
0.419589375497 1.0 0.466666666667 0.7248563218390.637795275591 2.0
0.400219839274 0.0 0.2 0.6282758620690.524934383202 2.0
0.351256675094 0.271082881701 0.266666666667 0.956580459770.640419947507 1.0
0.345468848092 0.23511339708 0.533333333333 0.3096551724140.110236220472 1.0
0.33532912546 0.0507093789913 0.0666666666667 0.1600287356320.0314960629921 3.0
0.268829699389 0.0149470123235 0.0666666666667 0.3779310344830.648293963255 2.0
0.262693761759 0.195381269633 0.466666666667 0.797241379310.186351706037 3.0
0.245891949729 0.271082881701 0.933333333333 0.9027873563220.782152230971 2.0
0.242972758902 0.0263039801167 0.133333333333 0.4683045977010.0 4.0
0.209514925562 0.271082881701 1.0 0.956580459770.866141732283 2.0
0.17213495348 0.0507093789913 0.0 0.4579597701150.0393700787402 4.0
0.124367457167 0.00956194552798 0.0666666666667 0.7324425287360.00524934383202 3.0
0.114123886347 0.0821913079499 0.0 0.4986206896550.165354330709 2.0
0.0982205703803 0.0252683903483 0.866666666667 0.7724137931030.0341207349081 5.0
0.0705143718429 0.0473264524147 0.466666666667 0.8903448275860.00262467191601 1.0
0.063851991283 0.0180192619697 0.0 0.9462356321841.0 5.0
0.0322104190094 0.0380751838172 0.0 0.522758620690.00524934383202 2.0
0.00520111473651 0.0 0.133333333333 0.7441379310340.729658792651 4.0
0.000251074749382 0.23511339708 0.133333333333 0.7744827586210.141732283465 3.0
0.0 0.00624805826918 0.0 0.8882758620690.00787401574803 2.0
1.0 0.0107120824064 0.0128660159716 0.1737121938460.0 1.0
0.738948054633 0.0199659755847 0.0124223602484 0.1737121938460.0625 1.0
0.489462171267 0.0790974182573 0.0108695652174 0.1632528545280.208333333333 2.0
0.421704894182 0.0249761642145 0.00687666370896 0.175804061710.15625 2.0
0.421704894182 0.013721934531 0.00598935226264 0.1737121938460.15625 1.0
0.379156838257 0.0876409115552 0.0388198757764 0.1737121938460.208333333333 2.0
0.320060185849 0.808902432185 0.107142857143 0.00.270833333333 2.0
0.316281758509 0.0 0.00155279503106 0.1737121938460.1875 1.0
0.261277470826 0.540913424688 0.0998225377107 0.9393358319530.427083333333 2.0
0.229521038378 0.0160213867753 0.00621118012422 0.1737121938460.6875 1.0
0.190775379793 0.065880241536 0.00332741792369 0.1632528545280.385416666667 2.0
0.175929925318 0.0764988502739 0.0330523513753 0.1695284581190.09375 1.0
0.166563053185 1.0 0.747559893523 0.1695284581190.135416666667 2.0
0.153923610495 0.0226019330355 0.0011091393079 0.6338359626950.427083333333 2.0
0.147849381853 0.105157877026 0.000221827861579 0.278305587030.791666666667 1.0
0.146300916513 0.0764988502739 0.0377107364685 0.1737121938460.40625 1.0
0.1456764652 0.808902432185 1.0 0.2113658153930.520833333333 3.0
0.145544436036 0.0268082481165 0.0248447204969 0.1737121938460.447916666667 2.0
0.144192061796 0.808902432185 0.126220053239 0.1904471367560.34375 3.0
0.122554756862 0.808902432185 0.0372670807453 0.5606205874661.0 2.0
0.101747377788 0.0536725804341 0.0281721384206 0.1737121938460.53125 4.0
0.0801461359121 0.808902432185 0.0532386867791 1.00.760416666667 2.0
0.0695312969106 0.808902432185 0.0423691215617 0.6505709056040.75 4.0
0.0672075571387 0.00725355667309 0.0 0.1737121938460.75 3.0
0.0466766786836 1.0 0.124223602484 0.9309683604990.572916666667 2.0
0.0392049125743 0.808902432185 0.175909494232 0.7321537522880.8125 5.0
0.0332859494694 0.0764988502739 0.00244010647737 0.1695284581190.552083333333 1.0
0.0293475236672 0.808902432185 0.177240461402 0.744704959470.302083333333 5.0
0.0187509360826 0.000654315679273 0.00221827861579 0.1737121938460.770833333333 2.0
0.0158129519555 1.0 0.196317657498 0.9435195676810.520833333333 4.0
0.00301753512728 0.808902432185 0.0246228926353 0.1486097794820.708333333333 3.0
0.0 1.0 0.196095829636 0.1611609866640.677083333333 2.0
1.0 0.164774071445 0.333333333333 0.4109128307760.0583333333333 1.0
0.894312441758 0.0749940856399 0.777777777778 0.7471647765180.125 1.0
0.664010358744 0.433522592855 1.0 0.7571714476320.0666666666667 2.0
0.572313338363 0.0984149515022 0.333333333333 0.253502334890.05 2.0
0.568189086019 0.0205819730305 0.0 0.9986657771850.0166666666667 1.0
0.470691634745 0.433522592855 0.111111111111 0.5050033355570.0833333333333 2.0
0.451224889874 0.032410693163 0.0 0.7458305537020.0916666666667 2.0
0.410775805601 0.0 0.0 0.6544084945520.3 1.0
0.403783883767 0.433522592855 0.666666666667 0.4122470535910.158333333333 2.0
0.370767280195 0.433522592855 0.666666666667 0.5136757838560.266666666667 1.0
0.366536136287 0.0984149515022 0.666666666667 0.6490716032910.333333333333 2.0
0.344273012887 0.164774071445 0.555555555556 0.2555036691130.166666666667 1.0
0.328227327584 0.164774071445 0.111111111111 0.4109128307760.0 2.0
0.313259288717 0.35533475278 0.222222222222 0.9986657771850.191666666667 2.0
0.281236973371 0.118050626922 0.0 0.00.241666666667 1.0
0.208130561955 0.0178613674 0.222222222222 0.7838281076270.341666666667 1.0
0.185610222183 0.0360775964041 0.111111111111 1.00.316666666667 3.0
0.1782776924 0.433522592855 0.333333333333 0.4115799421840.458333333333 2.0
0.163417037194 0.433522592855 0.555555555556 0.6584111629980.508333333333 3.0
0.15515387277 0.0984149515022 0.222222222222 0.256170780520.566666666667 2.0
0.145213471766 1.0 0.555555555556 0.5190126751170.333333333333 4.0
0.114548712689 0.0360775964041 0.0 0.9913275517010.175 2.0
0.112502476624 0.35533475278 0.333333333333 0.9966644429620.808333333333 4.0
0.0920688911037 0.433522592855 0.0 0.4155826106290.583333333333 3.0
0.0726441198002 0.164774071445 0.333333333333 0.4029074938851.0 2.0
0.0684391741486 0.433522592855 0.888888888889 0.7571714476320.15 5.0
0.0515641503993 0.35533475278 0.222222222222 0.2715143428950.183333333333 1.0
0.0379162093275 0.0495623373551 0.111111111111 0.7531687791860.5 5.0
0.0365176716658 0.118050626922 0.0 0.02401601067380.341666666667 2.0
0.0156568042817 0.433522592855 0.444444444444 0.3822270402490.825 4.0
0.0126056200004 0.433522592855 0.0 0.01934623082050.383333333333 3.0
0.0 0.164774071445 0.444444444444 0.4102457193680.0583333333333 2.0
1.0 0.128679562658 0.0677966101695 0.7521299619210.10067114094 1.0
0.787641649295 0.000747593682833 0.101694915254 1.00.0738255033557 1.0
0.673857464773 0.549528081488 0.135593220339 0.7560748431640.0134228187919 2.0
0.544907292863 0.045649939258 0.0 0.2761142919760.0402684563758 2.0
0.503447084763 0.0144379029997 0.0 1.00.0738255033557 1.0
0.503447084763 0.0144379029997 0.0 1.00.0738255033557 2.0
0.503447084763 0.0144379029997 0.0 1.00.0738255033557 2.0
0.503447084763 0.0144379029997 0.0 1.00.0738255033557 1.0
0.503447084763 0.0144379029997 0.0 1.00.0738255033557 2.0
0.503447084763 0.0144379029997 0.0 1.00.0738255033557 1.0
0.503447084763 0.0144379029997 0.0 1.00.0738255033557 2.0
0.382572510787 0.549528081488 0.203389830508 0.7258581486450.0268456375839 1.0
0.379569230236 0.069386038688 0.0 0.4891652740870.161073825503 2.0
0.357079447586 0.128679562658 0.0 0.7527874421280.0805369127517 2.0
0.332240954107 0.0 0.0677966101695 0.7547598827490.127516778523 1.0
0.327175098442 0.0763480048594 0.0169491525424 0.4891652740870.167785234899 1.0
0.313662156848 0.549528081488 0.322033898305 0.7357203517520.0402684563758 3.0
0.282169684474 0.200074759368 0.169491525424 0.5154370873630.187919463087 2.0
0.264699667118 0.0144379029997 0.152542372881 1.00.181208053691 3.0
0.237670801139 0.549528081488 0.101694915254 0.00.127516778523 2.0
0.204761128802 1.0 0.0847457627119 0.9973700791720.187919463087 4.0
0.133531272574 0.022427810485 0.0508474576271 0.4944251157440.120805369128 2.0
0.130690884526 0.549528081488 0.28813559322 0.7357203517520.0738255033557 4.0
0.117420809117 0.549528081488 1.0 0.4615511053890.0 3.0
0.104255587172 0.549528081488 0.610169491525 0.5844725091090.0939597315436 2.0
0.102201504374 0.549528081488 0.0847457627119 0.5167520477770.389261744966 5.0
0.0710622433024 0.549528081488 0.491525423729 0.7357203517520.134228187919 1.0
0.0688940785413 0.123025885431 0.0677966101695 0.9986850395860.114093959732 5.0
0.0361610340923 0.00906457340435 0.0 0.9586061419610.308724832215 2.0
0.0266801372271 0.549528081488 0.135593220339 0.7527874421280.154362416107 4.0
0.0209418576547 0.00481263433324 0.0338983050847 0.5154370873630.234899328859 3.0
0.0 0.045649939258 0.0169491525424 0.2734843711481.0 2.0
1.0 0.239990352147 0.0 0.6516681115240.0304259634888 1.0
0.765503543019 1.0 0.0212765957447 0.9731815766660.261663286004 1.0
0.568833896221 1.0 0.0 0.00.286004056795 2.0
0.443598217018 1.0 0.063829787234 0.8503313851060.31845841785 2.0
0.307534293776 0.239990352147 0.0 0.02010682625350.0 1.0
0.287394926027 1.0 0.159574468085 0.9765373752060.505070993915 2.0
0.282595261199 0.239990352147 0.0 0.5214631281640.503042596349 2.0
0.229179337328 0.085142305837 0.0 0.5865656198440.906693711968 1.0
0.15342736253 1.0 0.0957446808511 0.8442909477330.359026369168 2.0
0.113687789271 0.18837433671 0.0212765957447 0.7563690259790.902636916836 1.0
0.103807582239 0.239990352147 0.0106382978723 0.07447076260520.0182555780933 2.0
0.0813147348068 0.0 0.0 0.4637713582590.0750507099391 1.0
0.0718058631294 0.085142305837 0.0 0.5718001062670.740365111562 2.0
0.0598574050939 1.0 0.0212765957447 0.9644565004610.115618661258 2.0
0.0512727999235 1.0 0.0 0.8154310802870.19878296146 1.0
0.0511036514751 1.0 0.0106382978723 0.6986772560750.229208924949 1.0
0.0490396528535 0.0121804148577 0.0 0.6993484157830.304259634888 3.0
0.0396941342033 0.0964785335263 0.0106382978723 0.8469755865660.0709939148073 2.0
0.0366199647886 0.0927399903521 0.0106382978723 1.00.332657200811 3.0
0.0283112295279 0.661722141823 0.031914893617 0.8201291982440.123732251521 2.0
0.0241877336287 1.0 0.0 0.01675102771330.0973630831643 4.0
0.0100771502338 1.0 0.13829787234 0.9805643334550.119675456389 2.0
0.00773336769713 0.18837433671 0.0 0.6993484157830.941176470588 4.0
0.00673411040522 1.0 0.031914893617 0.7288794429370.186612576065 3.0
0.00671607219634 0.645200192957 0.0106382978723 0.2167845856990.150101419878 2.0
0.00447861741577 0.239990352147 0.0531914893617 0.4657848373840.961460446247 5.0
0.00395664118863 0.239990352147 0.0531914893617 0.7852288934250.172413793103 1.0
0.00359160021581 0.0927399903521 0.0106382978723 0.7362621997260.243407707911 5.0
0.00336650704993 0.239990352147 0.031914893617 0.6207947649540.334685598377 2.0
0.00305998722894 1.0 0.127659574468 0.6610923124251.0 4.0
0.00203006649727 1.0 0.0 0.1489694901980.144016227181 3.0
0.0 0.342739990352 1.0 0.8510025448140.144016227181 2.0
1.0 0.0 0.0588235294118 0.5588642659280.0368098159509 1.0
0.654914061867 0.0120746946225 0.117647058824 0.9508598799630.0245398773006 1.0
0.543509076941 0.0678616558244 0.0588235294118 0.5491689750690.079754601227 2.0
0.440568821534 0.0235409743998 0.411764705882 0.9425496306560.0122699386503 2.0
0.417848261994 0.0347732484673 0.0 0.2818559556790.00613496932515 1.0
0.410601712074 0.0678616558244 0.0 0.7541551246540.159509202454 2.0
0.375299120133 0.0678616558244 0.117647058824 0.5547091412740.472392638037 2.0
0.338848090615 0.0120746946225 0.117647058824 0.7347933979690.0429447852761 1.0
0.309677741366 0.0324799925118 0.470588235294 0.658616112650.41717791411 2.0
0.284402633982 0.00229325595545 0.0 0.8995844875350.0 1.0
0.282378995859 1.0 0.352941176471 0.7659279778390.0490797546012 2.0
0.225089056015 0.0748350259746 0.0588235294118 0.4654028162510.147239263804 1.0
0.193173195152 0.00744138156971 0.0 0.9072310710990.288343558282 2.0
0.186263506421 1.0 0.235294117647 0.8774238227150.263803680982 2.0
0.181364438455 1.0 0.352941176471 0.8026315789470.0613496932515 1.0
0.177948680632 0.0748350259746 0.0 0.01454293628810.306748466258 1.0
0.175752338058 0.0748350259746 0.0 0.09210526315790.196319018405 3.0
0.164760475665 0.00744138156971 0.235294117647 1.00.104294478528 2.0
0.142898063525 0.0218093321477 0.0 0.9141562788550.269938650307 3.0
0.141374717053 0.0476435625029 0.117647058824 0.4806382733151.0 2.0
0.125591119797 0.0766602705106 0.294117647059 0.9619402123730.478527607362 4.0
0.088022613159 0.165676042495 0.0588235294118 0.3303324099720.423312883436 2.0
0.0731368211469 0.134740487668 0.117647058824 0.00.245398773006 4.0
0.0545727767368 0.00744138156971 0.0 0.9598626500460.276073619632 3.0
0.0536903957048 0.00744138156971 0.0588235294118 0.8289473684210.208588957055 2.0
0.052986151655 0.00744138156971 0.352941176471 1.00.165644171779 5.0
0.035037352301 0.122150980484 0.176470588235 0.86080332410.159509202454 1.0
0.0263107664492 0.0137595357327 0.0588235294118 0.9841008771930.0858895705521 5.0
0.0214526172723 0.0 0.176470588235 0.6600011542010.41717791411 2.0
0.0201904734332 0.0593438479899 0.0 0.2043224838410.0920245398773 4.0
0.00368094566885 0.0120746946225 0.235294117647 0.8455678670360.079754601227 3.0
0.0 0.00744138156971 1.0 0.9730205447830.276073619632 2.0
1.0 0.493049612582 0.0 0.0007993338884260.118863049096 1.0
1.0 0.493049612582 0.0 0.4692089925060.118863049096 1.0
0.676103913345 0.493049612582 0.0336134453782 0.8904579517070.209302325581 2.0
0.621056181604 0.493049612582 0.00840336134454 0.9368526228140.165374677003 2.0
0.455769307146 0.467005897999 0.0924369747899 0.3109408825980.0258397932817 1.0
0.412401174987 0.493049612582 0.0252100840336 0.9256619483760.235142118863 2.0
0.410664843193 0.493049612582 0.0336134453782 0.8297085761870.276485788114 2.0
0.390729321959 0.00481091708107 0.0672268907563 0.984812656120.062015503876 1.0
0.383700902751 0.493049612582 0.0336134453782 0.7473771856790.284237726098 2.0
0.374730997288 0.493049612582 0.168067226891 0.7929392173190.537467700258 1.0
0.310681819102 0.493049612582 0.0336134453782 0.7066444629480.31007751938 2.0
0.305897351098 1.0 0.117647058824 0.7058451290590.400516795866 1.0
0.297167926826 0.493049612582 0.0756302521008 0.6178850957540.377260981912 2.0
0.25233763476 0.493049612582 0.0420168067227 0.695453788510.524547803618 2.0
0.241376587086 0.0592112871516 0.0 0.8193172356370.35142118863 1.0
0.22545394191 0.493049612582 0.0504201680672 1.00.328165374677 1.0
0.118691962233 0.0148953394241 0.0 0.2597835137390.0 3.0
0.107626472971 0.123441656066 0.142857142857 0.843297252290.105943152455 2.0
0.0933852789617 0.032381172661 0.0 0.3541382181520.0103359173127 3.0
0.0833718097732 0.032381172661 0.0 1.00.485788113695 2.0
0.076673487477 0.00777148143865 0.00840336134454 0.44203164031.0 4.0
0.076673487477 0.00777148143865 0.0252100840336 0.339750208160.744186046512 2.0
0.076673487477 0.00777148143865 0.0756302521008 0.6730724396340.640826873385 4.0
0.0740213535188 0.467005897999 1.0 0.8424979184010.627906976744 3.0
0.0703990886993 0.0 0.0 0.4284762697750.0594315245478 2.0
0.061378379988 0.00712385798543 0.445378151261 0.7745545378850.0 5.0
0.0540077800118 0.0281716202151 0.0 0.6866611157370.0568475452196 1.0
0.0537116976203 0.493049612582 0.18487394958 0.9320566194840.118863049096 5.0
0.0478508221194 0.493049612582 0.445378151261 0.8241132389680.0 2.0
0.0374185595826 0.00777148143865 0.117647058824 0.8377019150710.346253229974 4.0
0.000982407719218 0.0160286804672 0.0 0.203030807660.0077519379845 3.0
0.0 0.0206314328669 0.0 0.00.0594315245478 2.0
1.0 0.0 0.0169491525424 0.7746955345060.276119402985 1.0
0.805957756643 0.194948550047 0.0 0.6136389264770.731343283582 1.0
0.787240741134 0.125537885875 0.0 0.70500676590.589552238806 2.0
0.638761662579 0.10196445276 0.0169491525424 0.2983479927830.141791044776 2.0
0.565257095533 0.194948550047 0.0169491525424 0.6048432566530.940298507463 1.0
0.495559695279 0.194948550047 0.0 0.5601883175460.708955223881 2.0
0.490865426989 0.194948550047 0.0 0.4736129905280.0 2.0
0.488713407304 0.194948550047 0.0338983050847 0.7665764546680.0298507462687 1.0
0.459122934615 0.125537885875 0.0338983050847 0.9661705006770.126865671642 2.0
0.454388135622 0.194948550047 0.0508474576271 0.7902289129450.149253731343 1.0
0.446821606642 0.194948550047 0.0 0.6420557059090.574626865672 2.0
0.445856954787 0.298596819457 0.0169491525424 0.2686062246280.373134328358 1.0
0.397635288655 0.194948550047 0.0 0.637996165990.283582089552 2.0
0.393262344396 0.194948550047 0.0847457627119 0.7401894451960.470149253731 2.0
0.386204884178 1.0 0.0847457627119 0.8802153811460.0223880597015 1.0
0.328537752322 0.298596819457 0.0847457627119 1.00.462686567164 1.0
0.298924497471 0.194948550047 0.101694915254 0.4032194406860.194029850746 3.0
0.288501555094 0.194948550047 0.0 0.6339366260710.440298507463 2.0
0.262371482333 0.194948550047 0.0 0.9052492106450.00746268656716 3.0
0.25220432952 0.194948550047 0.0338983050847 0.5858987370320.89552238806 2.0
0.243303310288 0.194948550047 0.0 0.5446267478570.425373134328 4.0
0.193268421402 0.194948550047 0.0677966101695 0.4032194406860.149253731343 2.0
0.130216998811 0.194948550047 0.0338983050847 0.6914467749210.0820895522388 4.0
0.114405164758 0.461552853134 0.0 0.5858987370321.0 3.0
0.0946888443452 0.194948550047 0.0338983050847 0.6914467749210.216417910448 2.0
0.0433177115868 0.194948550047 1.0 0.9363723500230.559701492537 5.0
0.0413351921008 0.194948550047 0.0 0.00.39552238806 1.0
0.0326565453468 0.194948550047 0.0 0.4925575101490.39552238806 5.0
0.023503882017 0.194948550047 0.0 0.260487144790.238805970149 2.0
0.00830615482596 0.121983161833 0.0 0.3829217410920.0 4.0
0.00048396280399 0.194948550047 0.0508474576271 0.1312302661250.283582089552 3.0
0.0 0.194948550047 0.0847457627119 0.8030841226880.507462686567 2.0
1.0 0.0264717502963 0.210526315789 0.370629629630.027397260274 1.0
0.926271125923 0.0264717502963 0.315789473684 0.8355185185190.116438356164 1.0
0.70390695686 0.0264717502963 0.105263157895 0.7395185185190.00684931506849 2.0
0.655183195355 0.0264717502963 0.263157894737 0.06574074074070.157534246575 2.0
0.632599664514 0.0264717502963 0.0526315789474 0.3146666666670.308219178082 1.0
0.521253484806 0.0264717502963 0.0 0.3804074074070.205479452055 2.0
0.516201961544 0.0264717502963 0.0526315789474 0.8870740740740.164383561644 2.0
0.509273568667 0.0264717502963 0.473684210526 0.9715555555560.232876712329 1.0
0.499297416 0.0264717502963 0.684210526316 0.546629629630.178082191781 2.0
0.489805323127 0.0264717502963 0.315789473684 0.8284074074070.424657534247 1.0
0.449555047395 0.0264717502963 0.105263157895 0.1670740740740.0890410958904 2.0
0.448484186746 0.490598926256 0.368421052632 0.5564074074070.0890410958904 1.0
0.427689376635 0.0 0.263157894737 1.00.0684931506849 2.0
0.394897789631 0.0264717502963 0.473684210526 0.1039629629630.486301369863 2.0
0.387259464923 0.0264717502963 1.0 0.9733333333330.171232876712 1.0
0.32925524911 0.0264717502963 0.0526315789474 0.3777407407410.486301369863 1.0
0.289854474846 0.0264717502963 0.368421052632 0.5920.328767123288 3.0
0.27058062933 0.0264717502963 0.210526315789 0.9973333333330.109589041096 2.0
0.194355995397 0.0264717502963 0.684210526316 0.834629629630.719178082192 3.0
0.185196281352 0.0264717502963 0.368421052632 0.9057777777780.547945205479 2.0
0.159749801956 0.0264717502963 0.105263157895 0.202629629630.465753424658 4.0
0.142526731535 0.0264717502963 0.0526315789474 0.1030740740741.0 2.0
0.1317563763 0.0264717502963 0.684210526316 0.8915185185190.00684931506849 4.0
0.116229631519 1.0 0.315789473684 0.00.0 3.0
0.114673399167 0.0264717502963 0.526315789474 0.5768888888890.965753424658 2.0
0.10046017968 0.0264717502963 0.0 0.2372962962960.486301369863 5.0
0.0743122042754 0.0264717502963 0.105263157895 0.1297407407410.198630136986 1.0
0.0516555038773 0.0264717502963 0.263157894737 0.6675555555560.5 5.0
0.0108991895957 0.125107490645 0.368421052632 0.8488518518520.239726027397 2.0
0.00582579097241 0.0264717502963 0.210526315789 0.1981851851850.315068493151 4.0
0.00380483600237 0.0264717502963 0.421052631579 0.3466666666670.808219178082 3.0
0.0 0.0264717502963 0.0 0.3111111111110.315068493151 2.0
1.0 0.844891122278 0.0851063829787 0.5095066058380.0842105263158 1.0
0.300201566654 0.304857621441 0.0425531914894 0.285461881280.0947368421053 1.0
0.282549053773 0.124623115578 0.0 0.4569499749480.0 2.0
0.256293906078 0.903182579564 0.0 0.05508820969910.747368421053 2.0
0.255821881631 0.181909547739 0.148936170213 0.6550460167190.147368421053 1.0
0.222596347006 0.844891122278 1.0 0.7411460668230.263157894737 2.0
0.177335181041 1.0 0.0425531914894 0.4563170802460.2 2.0
0.161448063401 1.0 0.0 0.1265789404290.610526315789 1.0
0.138774621155 0.181909547739 0.0851063829787 0.6265657551220.2 2.0
0.132242077929 0.265326633166 0.0 0.4297355027560.936842105263 1.0
0.112280038962 0.265326633166 0.0212765957447 0.7544368555680.210526315789 2.0
0.110972104384 0.0442211055276 0.0 0.5208987104770.126315789474 1.0
0.099631511763 0.265326633166 0.0425531914894 0.4246723451391.0 2.0
0.0895741877428 1.0 0.0 0.04686057857120.684210526316 2.0
0.0688323480215 0.0 0.0 0.285461881280.178947368421 1.0
0.0674865931459 0.304857621441 0.0 0.00.0105263157895 1.0
0.0605323261833 0.0435510887772 0.0212765957447 0.982278948340.0421052631579 3.0
0.0546067189112 1.0 0.0851063829787 0.5436829197540.0210526315789 2.0
0.0507703512293 1.0 0.0851063829787 0.7993460088080.0526315789474 3.0
0.0479310070114 1.0 0.0851063829787 0.7664618549090.0842105263158 2.0
0.0478251045667 0.265326633166 0.0212765957447 0.4012552411590.0631578947368 4.0
0.0463719003068 0.265326633166 0.0 0.687956541230.778947368421 2.0
0.0418720673691 1.0 0.234042553191 0.6366920703570.252631578947 4.0
0.0299007748775 0.0355108877722 0.0 0.7708921178240.242105263158 3.0
0.0298210237102 0.166499162479 0.0425531914894 1.00.0421052631579 2.0
0.0285989824239 0.265326633166 0.0 0.6866907518260.810526315789 5.0
0.0285989824239 0.265326633166 0.0 0.6854249624220.810526315789 1.0
0.0231417052733 0.844891122278 0.063829787234 0.5411513409460.915789473684 5.0
0.0114701730334 0.265326633166 0.0 0.6885894359330.8 2.0
0.0100729093588 0.265326633166 0.0212765957447 0.4677355554970.294736842105 4.0
0.00781628116085 0.181909547739 0.0851063829787 0.7854223253610.273684210526 3.0
0.0 1.0 0.0 0.5930223359090.842105263158 2.0
1.0 0.289609941319 0.5 0.3569682151590.126984126984 1.0
0.80295886577 0.243010010356 0.666666666667 0.3887530562350.015873015873 1.0
0.74559141964 0.0 0.166666666667 0.8728606356970.190476190476 2.0
0.614139688184 0.243010010356 0.166666666667 0.405867970660.0952380952381 2.0
0.571003348638 0.243010010356 0.333333333333 0.4590464547680.126984126984 1.0
0.471791948767 0.243010010356 0.0 0.4553789731050.0 2.0
0.433284259154 0.289609941319 0.166666666667 0.415647921760.031746031746 2.0
0.416772731654 1.0 0.833333333333 0.4168704156480.15873015873 1.0
0.37737569927 1.0 1.0 0.4278728606360.460317460317 2.0
0.373051817874 0.485674836037 0.333333333333 0.8954767726160.365079365079 1.0
0.362820936441 0.0 0.0 0.9712968622660.349206349206 2.0
0.332972456418 0.243010010356 0.166666666667 0.3997555012220.349206349206 1.0
0.330754758992 0.243010010356 0.5 0.4040342298290.380952380952 2.0
0.320852495848 1.0 0.666666666667 0.3997555012220.428571428571 2.0
0.320852495848 1.0 0.333333333333 0.3887530562350.380952380952 1.0
0.284368311561 0.289609941319 0.333333333333 0.4278728606360.111111111111 1.0
0.237239633444 0.289609941319 0.5 0.4272616136920.253968253968 3.0
0.229472796474 1.0 0.166666666667 0.4590464547680.571428571429 2.0
0.228850899884 0.0 0.0 1.00.206349206349 3.0
0.223658915876 0.0 0.5 0.9798543194780.809523809524 2.0
0.203462690674 0.243010010356 0.0 0.4462102689490.571428571429 4.0
0.189239286295 0.818778046255 0.166666666667 0.8710268948660.0634920634921 2.0
0.160089481413 0.0 0.166666666667 0.976798084761.0 4.0
0.145287445624 0.243010010356 0.166666666667 0.4933017522410.253968253968 3.0
0.136613424034 0.243010010356 0.0 0.3349633251830.460317460317 2.0
0.0792567638672 0.243010010356 0.166666666667 0.4425427872860.47619047619 5.0
0.07141371159 0.485674836037 0.166666666667 0.8905867970660.777777777778 1.0
0.0335463441969 0.243010010356 0.0 0.4553789731050.571428571429 5.0
0.0328413138462 0.141180531584 1.0 0.9205633659330.619047619048 2.0
0.0310302819852 0.485674836037 0.833333333333 0.9566269356150.746031746032 4.0
0.0272311836307 1.0 0.0 0.00.555555555556 3.0
0.0 0.485674836037 0.666666666667 0.5165291361040.857142857143 2.0
1.0 0.586998087954 0.0923076923077 0.5027434842250.00724637681159 1.0
0.701500425237 0.586998087954 0.0 0.00.144927536232 1.0
0.624255553975 0.826003824092 0.0307692307692 0.4897405121170.0652173913043 2.0
0.600126912651 0.826003824092 0.0923076923077 0.2284236396890.036231884058 2.0
0.579625699022 0.826003824092 0.0615384615385 0.5020576131690.0217391304348 1.0
0.514729329613 1.0 0.230769230769 0.7620027434840.0 2.0
0.452467928036 0.826003824092 0.0153846153846 0.4890546410610.224637681159 2.0
0.438515173331 0.0 0.0 0.9979423868310.239130434783 1.0
0.411610513967 0.826003824092 0.153846153846 0.2387117055330.311594202899 2.0
0.36654035591 0.826003824092 0.107692307692 0.5034293552810.173913043478 1.0
0.282142536227 0.826003824092 1.0 0.7620027434840.289855072464 2.0
0.279715350545 0.586998087954 0.0 0.2475994513030.108695652174 1.0
0.23824915127 0.586998087954 0.0461538461538 0.2530864197530.297101449275 2.0
0.228622716088 0.826003824092 0.0615384615385 0.9773948331050.369565217391 2.0
0.176462260367 0.586998087954 0.0153846153846 0.4890546410610.108695652174 1.0
0.153277696771 0.586998087954 0.0 1.00.195652173913 1.0
0.139606794559 0.586998087954 0.0615384615385 0.4904263831731.0 3.0
0.107541833754 0.586998087954 0.0 0.2524005486970.572463768116 2.0
0.0941698914292 0.586998087954 0.0 0.2503429355280.152173913043 3.0
0.0452963740881 0.586998087954 0.0153846153846 0.2291095107450.0434782608696 2.0
0.0348204660317 0.586998087954 0.0 0.2524005486970.268115942029 4.0
0.0113290997437 0.826003824092 0.0615384615385 0.494513031550.326086956522 2.0
0.00287196941733 0.586998087954 0.0153846153846 0.2537722908090.268115942029 4.0
0.0 0.826003824092 0.676923076923 0.5027434842250.297101449275 3.0
0.0 0.826003824092 0.676923076923 0.5027434842250.297101449275 2.0
0.0 0.826003824092 0.676923076923 0.5034293552810.297101449275 5.0
0.0 0.826003824092 0.676923076923 0.5034293552810.297101449275 1.0
0.0 0.826003824092 0.676923076923 0.5034293552810.297101449275 5.0
0.0 0.826003824092 0.676923076923 0.5034293552810.297101449275 2.0
0.0 0.826003824092 0.676923076923 0.5027434842250.297101449275 4.0
0.0 0.826003824092 0.676923076923 0.5034293552810.297101449275 3.0
0.0 0.826003824092 0.676923076923 0.5034293552810.297101449275 2.0
1.0 0.08151849642 0.0173243503369 0.592506787330.0909090909091 1.0
0.706106968338 0.809404832936 0.910490856593 0.7697737556560.159090909091 1.0
0.636321050458 0.809404832936 0.664100096246 0.8878914027150.136363636364 2.0
0.607042257887 0.0507719272076 0.00192492781521 0.816651583710.0681818181818 2.0
0.411351572732 0.0219272076372 0.00384985563041 0.6646153846150.431818181818 1.0
0.406382401036 0.37973597852 0.0866217516843 0.3249230769230.0454545454545 2.0
0.395357332412 0.0155131264916 0.0 0.4457194570140.659090909091 2.0
0.306009677627 0.809404832936 0.0259865255053 0.3153665158370.306818181818 1.0
0.296632347823 0.15762977327 0.0279114533205 0.992144796380.238636363636 2.0
0.259175958044 0.08151849642 0.0375360923965 0.9973936651580.772727272727 1.0
0.218952513777 0.00757010739857 0.00288739172281 0.6263891402710.181818181818 2.0
0.199221294022 0.261839946301 0.153031761309 0.831420814480.0 1.0
0.163521234627 0.809404832936 0.00288739172281 0.04608144796380.420454545455 2.0
0.160890016535 0.0475275954654 0.0211742059673 0.00.295454545455 2.0
0.139250917822 1.0 0.206929740135 0.9982624434390.113636363636 1.0
0.131841340534 0.809404832936 0.800769971126 0.8305520361990.340909090909 1.0
0.114728221861 0.0683360680191 0.0125120307988 0.9973936651580.272727272727 3.0
0.0952712698846 0.809404832936 0.358999037536 0.7219909502260.511363636364 2.0
0.0948253661075 0.809404832936 0.941289701636 0.5455927601810.295454545455 3.0
0.0936073906286 0.0200253579952 0.0230991337825 0.9991312217190.477272727273 2.0
0.0850506181066 0.809404832936 1.0 0.8609592760180.511363636364 4.0
0.084256860142 0.37973597852 0.0125120307988 0.1885248868780.443181818182 2.0
0.0764738321083 0.0200253579952 0.000962463907603 0.99127601810.386363636364 4.0
0.0465941266718 0.809404832936 0.347449470645 0.6420271493210.909090909091 3.0
0.0378226685057 0.261839946301 0.225216554379 1.00.0681818181818 2.0
0.0303852821831 0.0475275954654 0.156881616939 0.9817194570140.215909090909 5.0
0.0209066741653 0.0683360680191 0.0269489894129 0.6420271493211.0 1.0
0.0189015154767 0.0 0.0 0.592506787330.727272727273 5.0
0.0181785452176 0.542120375895 0.100096246391 0.679420814480.659090909091 2.0
0.012187882767 0.809404832936 0.211742059673 0.992144796380.477272727273 4.0
0.00663842980556 0.0251715393795 0.0182868142445 0.4544072398190.465909090909 3.0
0.0 0.37973597852 0.192492781521 0.831420814480.409090909091 2.0
1.0 0.0645882814121 0.00863930885529 0.8819832402230.0243902439024 1.0
0.910751090147 0.0145732930569 0.0453563714903 0.9797777001860.0121951219512 1.0
0.725325311096 0.0 0.0 1.00.359756097561 2.0
0.662130204655 0.0387160744345 0.17494600432 0.7402234636870.298780487805 2.0
0.6308048414 0.0191850946572 0.00431965442765 0.7290793761640.182926829268 1.0
0.572608125682 0.0966172435262 0.0993520518359 0.668325186220.457317073171 2.0
0.540036151021 0.468628219614 0.209503239741 0.7186045158290.103658536585 2.0
0.515335982341 1.0 0.0323974082073 0.9308950186220.335365853659 1.0
0.485152842572 0.0201766320013 0.107991360691 1.00.274390243902 2.0
0.466270585145 0.468628219614 0.120950323974 0.6997497672251.0 1.0
0.449664498731 0.468628219614 0.55939524838 0.8470670391060.225609756098 2.0
0.394733407651 0.468628219614 0.131749460043 0.3715083798880.365853658537 1.0
0.339179950479 0.12610971476 0.0172786177106 0.4148335661080.701219512195 2.0
0.320204062388 0.468628219614 1.0 0.8533519553070.0365853658537 2.0
0.302404481905 0.0528281873314 0.0107991360691 0.6089385474860.396341463415 1.0
0.247342411271 0.0645882814121 0.0907127429806 0.9979050279330.286585365854 1.0
0.224495600704 1.0 0.0 0.00.524390243902 3.0
0.224386356447 0.468628219614 0.172786177106 0.7179061918060.15243902439 2.0
0.196389609333 0.0645882814121 0.060475161987 0.9972067039110.262195121951 3.0
0.19066281656 0.0393847856665 0.0453563714903 0.9350849627560.0792682926829 2.0
0.181016024449 0.0299997694099 0.0172786177106 0.9406715549350.878048780488 4.0
0.166415895462 0.0682777226924 0.00215982721382 0.906453677840.506097560976 2.0
0.16079883399 0.669449120299 0.257019438445 0.8805865921790.658536585366 4.0
0.134284967947 0.0236124241935 0.0 0.2018447392920.664634146341 3.0
0.116845013473 0.669449120299 0.565874730022 0.6704201582870.615853658537 2.0
0.0715212815316 0.0393847856665 0.0518358531317 0.8526536312850.451219512195 5.0
0.06852341867 0.0261719740817 0.0 0.2374301675980.0182926829268 1.0
0.0628169111344 0.468628219614 0.280777537797 0.8722067039110.756097560976 5.0
0.0515088250144 0.468628219614 0.060475161987 0.7200011638730.115853658537 2.0
0.0221106904958 0.0645882814121 0.107991360691 0.9965083798880.865853658537 4.0
0.0 0.00790923974451 0.0 0.6934648510240.0 3.0
1.0 0.0138677724027 0.0655737704918 1.00.02 1.0
0.582370604313 0.0188666205943 0.0 0.852369852370.48 1.0
0.378128282717 1.0 1.0 0.3232646982650.12 2.0
0.37442180318 0.0 0.0273224043716 0.5376845376850.16 2.0
0.342380245684 0.495093296475 0.016393442623 0.8881118881120.28 1.0
0.293570373759 0.0211472011057 0.0327868852459 0.5625485625490.16 2.0
0.275329815653 0.0188666205943 0.0 0.5609945609950.17 2.0
0.24664969198 0.00974429854872 0.0109289617486 0.5710955710960.0 1.0
0.232352932653 0.0188666205943 0.0 0.3318117068120.66 2.0
0.215893177504 0.0188666205943 0.0273224043716 0.8842268842270.7 1.0
0.211071183345 0.10071412117 0.136612021858 0.3232646982650.17 2.0
0.209880906751 0.0343699608385 0.44262295082 0.9052382802380.29 1.0
0.145474293728 0.0188666205943 0.016393442623 0.3022533022530.26 2.0
0.129761913981 0.0188666205943 0.0 0.3310347060351.0 2.0
0.11059184535 0.10071412117 0.0710382513661 0.5897435897440.2 1.0
0.097040890024 0.0188666205943 0.0 0.5936285936290.72 1.0
0.0902660055718 0.0693849343469 0.0109289617486 0.3457977207980.3 3.0
0.0856809937761 1.0 0.344262295082 0.2323232323230.21 2.0
0.0784992006778 0.0188666205943 0.0 0.3123543123540.11 3.0
0.0760918664908 0.0188666205943 0.0 0.5920745920750.75 2.0
0.0760918664908 0.0188666205943 0.0 0.5905205905210.75 4.0
0.0751511417127 1.0 0.00546448087432 0.0194250194250.43 2.0
0.0566123609527 0.0188666205943 0.0 0.00.24 4.0
0.0559020567252 0.0188666205943 0.0 0.5944055944060.74 3.0
0.0530941849391 0.0188666205943 0.00546448087432 0.2882672882670.28 2.0
0.0443253877609 0.0310988251555 0.0109289617486 0.9930069930070.56 5.0
0.0391064729049 0.0188666205943 0.016393442623 0.8616938616940.28 1.0
0.0374276696359 0.00624280119788 0.00546448087432 0.9013532763530.48 5.0
0.0333966148156 0.0693849343469 0.0 0.3022533022530.4 2.0
0.019650513087 0.0191660907625 0.174863387978 0.7264957264960.2 4.0
0.0182373341832 0.0188666205943 0.0 0.3045843045840.34 3.0
0.0 0.0219765031099 0.0 0.3807627557630.55 2.0
1.0 0.384047948363 0.0 0.2401628222520.131455399061 1.0
0.756075321965 0.650069156293 0.015873015873 0.6044493441880.0 1.0
0.709147620282 0.384047948363 0.0 0.06374378109450.0140845070423 2.0
0.62591210696 0.731212540341 0.190476190476 0.7225237449120.206572769953 2.0
0.497883838034 0.384047948363 0.0 1.00.276995305164 1.0
0.480339337094 0.54356846473 1.0 0.9810040705560.037558685446 2.0
0.400238363884 0.384047948363 0.0 0.5942729534150.291079812207 2.0
0.341340385987 0.384047948363 0.0 0.947761194030.474178403756 1.0
0.332961602494 0.384047948363 0.0 0.243554952510.107981220657 2.0
0.328652652412 0.736745043799 0.0793650793651 0.9891451831750.0798122065728 1.0
0.314077391926 0.650069156293 0.015873015873 0.3812471732250.0093896713615 2.0
0.309884757409 0.650069156293 0.0 0.4131331976480.389671361502 1.0
0.289361461098 0.650069156293 0.015873015873 0.6180178652190.586854460094 2.0
0.281915224325 0.384047948363 0.0 0.02643034825870.676056338028 2.0
0.251709197521 0.384047948363 0.0 0.7367706919950.197183098592 1.0
0.23734384636 0.650069156293 0.015873015873 0.9925373134330.896713615023 1.0
0.222863130803 0.650069156293 0.142857142857 0.7327001356851.0 3.0
0.216155570081 0.384047948363 0.015873015873 0.2299864314790.0892018779343 2.0
0.184228294171 0.384047948363 0.0 0.00.230046948357 3.0
0.173413562973 0.731212540341 0.015873015873 0.2014925373130.0845070422535 2.0
0.163764781071 0.731212540341 0.126984126984 0.1906377204880.107981220657 4.0
0.156356605477 0.384047948363 0.015873015873 0.4158469018540.394366197183 2.0
0.131206135147 0.731212540341 0.015873015873 0.1254805517870.474178403756 4.0
0.103647498081 1.0 0.0793650793651 0.8059418815020.117370892019 3.0
0.0698728156156 0.0 0.015873015873 0.6336216644050.422535211268 2.0
0.053208803602 0.731212540341 0.206349206349 0.9213025780190.136150234742 5.0
0.044923661205 0.731212540341 0.031746031746 0.4518317503390.154929577465 1.0
0.0331316687119 0.731212540341 0.238095238095 0.6940298507460.0845070422535 5.0
0.0132598474225 0.650069156293 0.222222222222 0.6580450022610.0610328638498 2.0
0.00483327851275 0.731212540341 0.650793650794 0.8622512437810.267605633803 4.0
0.00106081777956 0.384047948363 0.0 0.9979647218450.455399061033 3.0
0.0 0.650069156293 0.0634920634921 0.8656433740390.586854460094 2.0
1.0 1.0 0.0888888888889 0.9329268292680.00361271676301 1.0
0.954826043355 0.0 0.0 0.9878048780490.0 1.0
0.906092133262 0.759850543478 0.0444444444444 0.006097560975610.0 2.0
0.841996127528 1.0 0.0 0.3051321138210.0881502890173 2.0
0.832898138652 0.502038043478 0.0 0.640497967480.00794797687861 1.0
0.719393628698 1.0 0.155555555556 0.640497967480.0375722543353 2.0
0.589844729792 0.175951086957 0.0222222222222 0.01829268292680.0570809248555 2.0
0.589844729792 1.0 0.444444444444 0.00.0585260115607 1.0
0.479578193962 0.0635190217391 0.0222222222222 0.4392784552850.0606936416185 2.0
0.476354257123 1.0 0.0 0.890497967480.0924855491329 1.0
0.46291105889 1.0 0.0444444444444 0.1770833333330.0794797687861 2.0
0.44157569908 1.0 0.0888888888889 0.7197662601630.096098265896 1.0
0.355328801054 1.0 0.133333333333 0.8295223577240.575867052023 2.0
0.277378661389 1.0 0.155555555556 0.6161077235770.322976878613 2.0
0.239903317356 1.0 1.0 0.1463414634150.509393063584 1.0
0.0758658425089 1.0 0.0 0.8051321138210.365606936416 1.0
0.0468756409711 1.0 0.133333333333 1.00.921965317919 3.0
0.0 0.140625 0.0666666666667 0.8539126016261.0 2.0
